Matrix A:
161353415272858135689827340058032603136.000000 262192981042960611093491340791697637376.000000 181631723472002265734187590302396579840.000000 200801092734340618314068379475264929792.000000 302746274235694815080423855221393850368.000000 174462397746224954220656130962564841472.000000 208181438224899723613321224905690185728.000000 192819157576990590012200537620274479104.000000 78501756007764567899112367671423795200.000000 258023705649271189643258701442459893760.000000 
262192981042960611093491340791697637376.000000 181631723472002265734187590302396579840.000000 200801092734340618314068379475264929792.000000 302746274235694815080423855221393850368.000000 174462397746224954220656130962564841472.000000 208181438224899723613321224905690185728.000000 192819157576990590012200537620274479104.000000 78501756007764567899112367671423795200.000000 258023705649271189643258701442459893760.000000 28850958449349974911760094052202053632.000000 
181631723472002265734187590302396579840.000000 200801092734340618314068379475264929792.000000 302746274235694815080423855221393850368.000000 174462397746224954220656130962564841472.000000 208181438224899723613321224905690185728.000000 192819157576990590012200537620274479104.000000 78501756007764567899112367671423795200.000000 258023705649271189643258701442459893760.000000 28850958449349974911760094052202053632.000000 219385225890241880602468425263988342784.000000 
131942917203636442984137723825824464896.000000 49613954801707681946172643083179524096.000000 183226958743271772951623391995406319616.000000 268315367129970342418813973253691801600.000000 324294375860673563930070707402010787840.000000 219566376484379453556272767804656058368.000000 310818483576373510578244824535662592000.000000 316895815911959994354571268740947640320.000000 215907603410572428707737773292082167808.000000 217514112308370238032590092206627356672.000000 
11800146881070887844800286138969358336.000000 256266438553805569718807891847160004608.000000 303115258244197208366345297182620385280.000000 144537971804749598201644144180313718784.000000 318625753751393817724921061604014948352.000000 239564439666775108057309607098805387264.000000 139881665127079687407651797340895838208.000000 12857552362663333418819189377633091584.000000 106419883565215353453959960829529948160.000000 81621108353511047629378518751582879744.000000 
123211273864495515638093411692174114816.000000 185705600894827429570527449943887577088.000000 144537971804749598201644144180313718784.000000 318625753751393817724921061604014948352.000000 239564439666775108057309607098805387264.000000 139881665127079687407651797340895838208.000000 12857552362663333418819189377633091584.000000 106419883565215353453959960829529948160.000000 81621108353511047629378518751582879744.000000 123211273864495515638093411692174114816.000000 
208181438224899723613321224905690185728.000000 192819157576990590012200537620274479104.000000 78501756007764567899112367671423795200.000000 258023705649271189643258701442459893760.000000 28850958449349974911760094052202053632.000000 219385225890241880602468425263988342784.000000 131942917203636442984137723825824464896.000000 49613954801707681946172643083179524096.000000 183226958743271772951623391995406319616.000000 268315367129970342418813973253691801600.000000 
324294375860673563930070707402010787840.000000 219566376484379453556272767804656058368.000000 310818483576373510578244824535662592000.000000 316895815911959994354571268740947640320.000000 215907603410572428707737773292082167808.000000 217514112308370238032590092206627356672.000000 11800146881070887844800286138969358336.000000 256266438553805569718807891847160004608.000000 303115258244197208366345297182620385280.000000 144537971804749598201644144180313718784.000000 
318625753751393817724921061604014948352.000000 239564439666775108057309607098805387264.000000 139881665127079687407651797340895838208.000000 12857552362663333418819189377633091584.000000 106419883565215353453959960829529948160.000000 81621108353511047629378518751582879744.000000 123211273864495515638093411692174114816.000000 185705600894827429570527449943887577088.000000 187688026080427994648811464008231026688.000000 201741008323361052423600722783923863552.000000 
54239956775395949977097707366920486912.000000 339052197555972404459086940420343595008.000000 12857552362663333418819189377633091584.000000 106419883565215353453959960829529948160.000000 81621108353511047629378518751582879744.000000 123211273864495515638093411692174114816.000000 185705600894827429570527449943887577088.000000 187688026080427994648811464008231026688.000000 201741008323361052423600722783923863552.000000 54239956775395949977097707366920486912.000000 
28850958449349974911760094052202053632.000000 219385225890241880602468425263988342784.000000 131942917203636442984137723825824464896.000000 49613954801707681946172643083179524096.000000 183226958743271772951623391995406319616.000000 268315367129970342418813973253691801600.000000 324294375860673563930070707402010787840.000000 219566376484379453556272767804656058368.000000 310818483576373510578244824535662592000.000000 316895815911959994354571268740947640320.000000 
215907603410572428707737773292082167808.000000 217514112308370238032590092206627356672.000000 11800146881070887844800286138969358336.000000 256266438553805569718807891847160004608.000000 303115258244197208366345297182620385280.000000 144537971804749598201644144180313718784.000000 318625753751393817724921061604014948352.000000 239564439666775108057309607098805387264.000000 139881665127079687407651797340895838208.000000 12857552362663333418819189377633091584.000000 

Matrix B:
161353415272858135689827340058032603136.000000 262192981042960611093491340791697637376.000000 181631723472002265734187590302396579840.000000 200801092734340618314068379475264929792.000000 302746274235694815080423855221393850368.000000 174462397746224954220656130962564841472.000000 208181438224899723613321224905690185728.000000 192819157576990590012200537620274479104.000000 78501756007764567899112367671423795200.000000 258023705649271189643258701442459893760.000000 28850958449349974911760094052202053632.000000 219385225890241880602468425263988342784.000000 131942917203636442984137723825824464896.000000 49613954801707681946172643083179524096.000000 183226958743271772951623391995406319616.000000 268315367129970342418813973253691801600.000000 324294375860673563930070707402010787840.000000 
262192981042960611093491340791697637376.000000 181631723472002265734187590302396579840.000000 200801092734340618314068379475264929792.000000 302746274235694815080423855221393850368.000000 174462397746224954220656130962564841472.000000 208181438224899723613321224905690185728.000000 192819157576990590012200537620274479104.000000 78501756007764567899112367671423795200.000000 258023705649271189643258701442459893760.000000 28850958449349974911760094052202053632.000000 219385225890241880602468425263988342784.000000 131942917203636442984137723825824464896.000000 49613954801707681946172643083179524096.000000 183226958743271772951623391995406319616.000000 268315367129970342418813973253691801600.000000 324294375860673563930070707402010787840.000000 219566376484379453556272767804656058368.000000 
181631723472002265734187590302396579840.000000 200801092734340618314068379475264929792.000000 302746274235694815080423855221393850368.000000 174462397746224954220656130962564841472.000000 208181438224899723613321224905690185728.000000 192819157576990590012200537620274479104.000000 78501756007764567899112367671423795200.000000 258023705649271189643258701442459893760.000000 28850958449349974911760094052202053632.000000 219385225890241880602468425263988342784.000000 131942917203636442984137723825824464896.000000 49613954801707681946172643083179524096.000000 183226958743271772951623391995406319616.000000 268315367129970342418813973253691801600.000000 324294375860673563930070707402010787840.000000 219566376484379453556272767804656058368.000000 310818483576373510578244824535662592000.000000 
316895815911959994354571268740947640320.000000 215907603410572428707737773292082167808.000000 217514112308370238032590092206627356672.000000 11800146881070887844800286138969358336.000000 256266438553805569718807891847160004608.000000 303115258244197208366345297182620385280.000000 144537971804749598201644144180313718784.000000 318625753751393817724921061604014948352.000000 239564439666775108057309607098805387264.000000 139881665127079687407651797340895838208.000000 12857552362663333418819189377633091584.000000 106419883565215353453959960829529948160.000000 81621108353511047629378518751582879744.000000 123211273864495515638093411692174114816.000000 185705600894827429570527449943887577088.000000 310818483576373510578244824535662592000.000000 316895815911959994354571268740947640320.000000 
215907603410572428707737773292082167808.000000 217514112308370238032590092206627356672.000000 11800146881070887844800286138969358336.000000 256266438553805569718807891847160004608.000000 303115258244197208366345297182620385280.000000 144537971804749598201644144180313718784.000000 318625753751393817724921061604014948352.000000 239564439666775108057309607098805387264.000000 139881665127079687407651797340895838208.000000 12857552362663333418819189377633091584.000000 106419883565215353453959960829529948160.000000 81621108353511047629378518751582879744.000000 123211273864495515638093411692174114816.000000 185705600894827429570527449943887577088.000000 187688026080427994648811464008231026688.000000 316895815911959994354571268740947640320.000000 215907603410572428707737773292082167808.000000 
174462397746224954220656130962564841472.000000 208181438224899723613321224905690185728.000000 192819157576990590012200537620274479104.000000 78501756007764567899112367671423795200.000000 258023705649271189643258701442459893760.000000 28850958449349974911760094052202053632.000000 219385225890241880602468425263988342784.000000 131942917203636442984137723825824464896.000000 49613954801707681946172643083179524096.000000 183226958743271772951623391995406319616.000000 268315367129970342418813973253691801600.000000 324294375860673563930070707402010787840.000000 219566376484379453556272767804656058368.000000 310818483576373510578244824535662592000.000000 316895815911959994354571268740947640320.000000 215907603410572428707737773292082167808.000000 217514112308370238032590092206627356672.000000 
208181438224899723613321224905690185728.000000 192819157576990590012200537620274479104.000000 78501756007764567899112367671423795200.000000 258023705649271189643258701442459893760.000000 28850958449349974911760094052202053632.000000 219385225890241880602468425263988342784.000000 131942917203636442984137723825824464896.000000 49613954801707681946172643083179524096.000000 183226958743271772951623391995406319616.000000 268315367129970342418813973253691801600.000000 324294375860673563930070707402010787840.000000 219566376484379453556272767804656058368.000000 310818483576373510578244824535662592000.000000 316895815911959994354571268740947640320.000000 215907603410572428707737773292082167808.000000 217514112308370238032590092206627356672.000000 11800146881070887844800286138969358336.000000 
256266438553805569718807891847160004608.000000 303115258244197208366345297182620385280.000000 144537971804749598201644144180313718784.000000 318625753751393817724921061604014948352.000000 239564439666775108057309607098805387264.000000 139881665127079687407651797340895838208.000000 12857552362663333418819189377633091584.000000 106419883565215353453959960829529948160.000000 81621108353511047629378518751582879744.000000 123211273864495515638093411692174114816.000000 185705600894827429570527449943887577088.000000 187688026080427994648811464008231026688.000000 201741008323361052423600722783923863552.000000 54239956775395949977097707366920486912.000000 339052197555972404459086940420343595008.000000 11800146881070887844800286138969358336.000000 256266438553805569718807891847160004608.000000 
78501756007764567899112367671423795200.000000 258023705649271189643258701442459893760.000000 28850958449349974911760094052202053632.000000 219385225890241880602468425263988342784.000000 131942917203636442984137723825824464896.000000 49613954801707681946172643083179524096.000000 183226958743271772951623391995406319616.000000 268315367129970342418813973253691801600.000000 324294375860673563930070707402010787840.000000 219566376484379453556272767804656058368.000000 310818483576373510578244824535662592000.000000 316895815911959994354571268740947640320.000000 215907603410572428707737773292082167808.000000 217514112308370238032590092206627356672.000000 11800146881070887844800286138969358336.000000 256266438553805569718807891847160004608.000000 303115258244197208366345297182620385280.000000 
258023705649271189643258701442459893760.000000 28850958449349974911760094052202053632.000000 219385225890241880602468425263988342784.000000 131942917203636442984137723825824464896.000000 49613954801707681946172643083179524096.000000 183226958743271772951623391995406319616.000000 268315367129970342418813973253691801600.000000 324294375860673563930070707402010787840.000000 219566376484379453556272767804656058368.000000 310818483576373510578244824535662592000.000000 316895815911959994354571268740947640320.000000 215907603410572428707737773292082167808.000000 217514112308370238032590092206627356672.000000 11800146881070887844800286138969358336.000000 256266438553805569718807891847160004608.000000 303115258244197208366345297182620385280.000000 144537971804749598201644144180313718784.000000 

Matrix C (result):
452696892148825002069193633165048814395145383475085724963432972971110723223552.000000 398213390678663146875535123949995955355672274806734539567195807379337177464832.000000 320916816351427180485755684963988720200150891947115802818335173265574550568960.000000 403534014145244957940068200971960506415213612340255016049680925502443402297344.000000 396003519856046410421837363501053223443354106492261872108260186629540916756480.000000 351228984551484049433237302491074412097099597881889882014470621822177840726016.000000 375728252064199110850934259884166341165242703965417648402104793728088446861312.000000 393674008989104632056791079471130233808027633292540095428953548243034236256256.000000 320661577251503929089604214943371276666624095798377899236061042198914130771968.000000 330042679539540510678215843355383234177194696716163341953646722654857743826944.000000 377238559207754138882096708232958704680197295467014177388620210713944955813888.000000 344147069164574259705933907863709297735824719857737922512560731110157597016064.000000 336254231188963378358667861768440384525222480433927704567608275240424835121152.000000 336519848146578709335730594339549162249148872733313718344179519145428828291072.000000 485587852880979756495888234359908344168719660529078559714483188125291767660544.000000 510106989010185609521467746049929420317865641055739724258465517614304965165056.000000 446254500434976469956479409074501646844639560355938850410584865212787492651008.000000 
384285043348951553881996552437169001746684929839906317061868064131383153393664.000000 417092006487010582586688492927900291658650428342504301165985730902140836118528.000000 293194665126037036008361430969660184935102761700111708157781058780810472062976.000000 342470984385688518671910707627834981525510605899235468854370918177212429500416.000000 396895642050424998377624526230159665714432514932521773047942688988319423922176.000000 316633637984350493576157880163976497581574202903141966702550379258569455304704.000000 331856020426873507744976528247944083943913737028239833197073950735002077495296.000000 378860091237895833669932756320637750169805577747279516325743729445861467357184.000000 312248645624418740801617054906564344573651702615781214318517587286081180532736.000000 326710696782347023769105076084695810654580680525495028642087547433380581736448.000000 318672909658219016221186625024600003449171349438355294184566574540574563500032.000000 350485146658711180676036093304174860584796911407225432532736601023853946208256.000000 310067565306109192680725852231070512561826388868717038825197908493133655572480.000000 356399074334765444398377282073642843372410477183123501765859540096457174417408.000000 395517643771127342041608426579584105325834437761225436718919224012108210372608.000000 485410419818746506736523283929971743464120698417074940176503547270353098113024.000000 470983447172466266511032107047448341430449095537228123141152059478939482980352.000000 
0.000000 0.000000 0.000000 0.000000 0.000000 0.000000 0.000000 0.000000 0.000000 0.000000 0.000000 0.000000 0.000000 0.000000 0.000000 436167736040517544624518396192987105968287981751948309632879280302710209904640.000000 446769509445405448252809664820048729941790152742456795378407042899647005720576.000000 
0.000000 0.000000 0.000000 0.000000 0.000000 0.000000 0.000000 0.000000 0.000000 0.000000 0.000000 0.000000 0.000000 0.000000 0.000000 517901817308225108011442513141246591459523934303178174159717237847611221737472.000000 495198055375851699233940077930063324822070478055360045743927358158630320865280.000000 
0.000000 0.000000 0.000000 0.000000 0.000000 0.000000 0.000000 0.000000 0.000000 0.000000 0.000000 0.000000 0.000000 0.000000 0.000000 433036274963314084585170364449697374088716059678633732996232595846055566770176.000000 370014310623473605989987021387037718788299095656305400680594471874142341693440.000000 
340070366883269912903514918020155112490536447047163874758164641837715640287232.000000 304433294844721666391294669756431898966327147220726264090579248601602717646848.000000 248308289374197661284366017064450502595844821158395427964110788931997342367744.000000 253701180249791215888610920001842244384199795778103365351762446256856427921408.000000 332899729290149785182872471871338610707656696322800059952010914481112226988032.000000 267600209794742700340834400363189409010306814639990816020619830997181903405056.000000 276956701218194729735993753672039856266335447182431571217848883446235348860928.000000 326819846010149481411639437371736014722093329137936729184937038960998421102592.000000 243105241576547731372876330613878702720935361245926599687115794873511120470016.000000 214918515638215448743215245274135661740558302497757063168309424939554354233344.000000 218837044243030453697244825282028431511522674935228485735456483346888955789312.000000 232793302907249973270914974877715874230751471399914369905995273708933912461312.000000 208079062792984552823477245219726424252770800608168264392931702698890936451072.000000 235199948766531121372818861489708436192385776263307227801834988339815405060096.000000 339134017205396970371782691998052560674017452075229536793346129197992576548864.000000 392488133301203300075911867872252196047554765977005076709760199789959706574848.000000 378750567232153071565072601151542176524895702908651867865423201440082016862208.000000 
0.000000 0.000000 0.000000 0.000000 0.000000 0.000000 0.000000 0.000000 0.000000 0.000000 0.000000 0.000000 0.000000 0.000000 0.000000 429903317209224611632196741461085520728057389320940330580904340503104998866944.000000 378555609953926464673101800760332557481397674228753442543367622654587744288768.000000 
480554711890060503064850413061172081296628485162144658723515653002471277592576.000000 510320730511685667349224016344304933319166406010080264203830900124706238627840.000000 388929618850265201440287653258525658462554415528178006794877907869989395759104.000000 432229810724380788453952407453681302893696781210072455182686817936338971525120.000000 512867861007823872426016219634194823631123172479082017690837014748625264181248.000000 375714625129449494410590982460856409697915226066689699003494794240289704771584.000000 395737604968248424127488978305111567663458461615583749745347317948874458398720.000000 497420079798402658382975228836057392150558361638634541749068978108578450636800.000000 361101746201132854108475283965533619099504141430977273591175964388864372506624.000000 391377794426678258332858617318612725978235973859105204014376471820513155481600.000000 375384003222804863223565082938051921286503463246325570687045701963822579843072.000000 415373656014243556348772735762831447819068067044114364040577554612939565039616.000000 363109742853369636064707857758767604908818570182307988132605892197978237566976.000000 371741889722798254745012272368057864811432554797464254783064989604766472470528.000000 517483579610727313796211511894482971690944337812126992163490764267430606798848.000000 567423449957602153196503567214156427557058937327939954402225879985883206123520.000000 622917622105705805338612144072239968503052161300951692721282705423207967490048.000000 
0.000000 0.000000 0.000000 0.000000 0.000000 0.000000 0.000000 0.000000 0.000000 0.000000 0.000000 0.000000 0.000000 0.000000 0.000000 387478359602835675945622869911400708236798627333494617063385633746182140329984.000000 379306117181993503680693552588342770318162795249481753081434132234303761809408.000000 
289417435200468542216984177171551359303914407966658433746017591200298431414272.000000 291084225960342605910302360399986738242084611827500687736087592377897378119680.000000 189120915280860123165401029337557925647078080684965820461187978588788904427520.000000 306760474841203511480777342890638336691950808974661714116826768933524586102784.000000 241683902564751475148298960848452869917296389751747122224362430162445480755200.000000 217078563142957329357475916505580334212536197023619585134044916257146064076800.000000 224529438877407842767378477927920422112221060883437198601462151983683956899840.000000 211017987387847643572918759279155904122744043334309526538857334430946096578560.000000 261815426214323834274133091423516591334260893688795365141202258246287247802368.000000 199216468282844228410802313756016464998282947061696488694467545551123429457920.000000 295729516149419425506931934202462221210200519512690915665345937896742984876032.000000 266860016852143110931889132661737257258120905754353444592422243167294122360832.000000 223070429833394315358340821773294920124420168196486777412747903785695354814464.000000 248381482488306484378737658569264451694166584077070045888045211801112530649088.000000 299219722410094796467040395272549404279566079876211625190192250765088418430976.000000 323622869724629687662981346769805818383349671077389914474857958143319655579648.000000 293457371447974675794337017092178692507040278930291618987981918321952780451840.000000 
0.000000 0.000000 0.000000 0.000000 0.000000 0.000000 0.000000 0.000000 0.000000 0.000000 0.000000 0.000000 0.000000 0.000000 0.000000 488110718987730690440917757738378753933900668221340831607808142565399861395456.000000 412292565257388166381557048159918923241636423862384918186012305690395601272832.000000 
407905279042385058835902439489639837817192012415196429716606196683667606077440.000000 420354770123355982828293901385644530725143015578742529505335369608629739061248.000000 240148570028067949806163355700884077280152006381496538462883127715399899021312.000000 394242317149542536464740775776085386245443169052945556307675733537767638958080.000000 386293486156405308768879832184020637044386751389942538632650362381921752711168.000000 323593833182768118419275990495481419588767109615627764940256291664703749357568.000000 327345824786500902176215392896293587089323353940969883076412836633065031729152.000000 318095301162814174033426371528275401550368714647290031690589479484534407823360.000000 310497328440061041573344458889452013344604833165387964780188249005318276644864.000000 280519999013109035175167885394202599548161414726609249179390413738946951380992.000000 325208988120433389190179927064095364090016241643612395285659911490966705405952.000000 337563972778331918630019921876175965932810543081765093055426891874627598942208.000000 311803925374626753532984065901195399992252018320128912250258221014414272757760.000000 331065919115465563597665800184339209811112568780346989355057753734842228408320.000000 406998045620752174185904350265806922924252957652335177355811184019471882780672.000000 449852786660769787361624415200153754911512698798621737717838975941805520977920.000000 408948638499324370421025899509271314872773426476849859698469232703396972068864.000000 
